Books.txt

LNA2 Nehwon #9305
WGS Mordenkaincn's Fantastic Adventure, #9112
9326 Drow of the Underdark, new Monsters 

Searched Publish ID's

1050
1055
1060
1064
1066
1077
1083
1091
1109
1120
1121
11405
1147
1162
11835
2020
2023
2105
2106
2107
2116
2118
2125
2129
2140A
2140B
2158
2162
2173
2400
2405
2407
2412
2417
2433
2438
2602
2613
3100
9022B
9044B
9244
9247
9248
9249
9258
9270
9274
9275
9278
9289
9292
9294
9297
9298
9300
9301
9302
9304
9309
9315
9316
9318
9320
9321
9326
9331
9333
9334
9336
9337
9338
9340
9344
9348
9351
9354
9364
9366
9369
9382
9388
9390
9391
9413
9414
9419
9430
9431
9433
9440
9444
9449
9459
9466
9485
9488
9491
9492
9529
9535
9540
9541
9544
9547
9550
9552
9574
9575